163.588	112.582	114.921	115.759	75.1589	21.5273	177.552	73.5837	113.322	60.1996	
167.427	111.241	112.508	114.677	78.5698	24.1327	181.287	76.0144	114.544	64.0768	
171.267	109.901	115.087	110.886	81.9806	26.738	185.022	78.445	115.766	67.9541	
175.106	108.56	117.666	107.096	85.3915	29.3434	188.757	80.8757	116.989	71.8313	
178.946	107.22	120.245	103.305	88.8024	31.9487	192.852	80.9473	118.211	75.7086	
182.785	105.879	121.415	107.201	92.9023	31.2942	196.948	81.0189	119.433	79.5859	
186.625	104.539	122.586	111.096	97.0022	30.6396	201.043	81.0905	120.655	83.4631	
190.464	103.198	123.756	114.992	101.102	29.9851	205.139	81.1621	121.877	87.3404	
194.304	101.858	124.926	118.887	103.152	29.6578	209.234	81.2338	123.099	91.2176	
198.143	100.517	126.097	122.783	107.191	29.1096	213.33	81.3054	124.322	95.0949	
201.983	99.1766	127.267	126.678	111.229	28.5615	217.425	81.377	125.544	98.9722	
205.822	97.8361	127.852	128.626	115.268	28.0133	221.521	81.4486	126.766	102.849	
209.662	96.4956	126.465	132.441	119.306	27.4651	225.616	81.5202	127.988	106.727	
213.501	95.1551	125.077	136.256	123.345	26.9169	227.664	81.556	129.21	110.604	
217.341	93.8146	123.69	140.07	127.384	26.3688	231.768	81.1171	130.433	114.481	
221.319	93.1141	122.303	143.885	131.422	25.8206	235.872	80.6782	131.655	118.358	
225.298	92.4135	120.915	147.7	135.461	25.2724	239.977	80.2393	132.877	122.236	
229.276	91.713	119.528	151.515	139.379	24.4208	244.081	79.8004	134.099	126.113	
233.254	91.0125	118.141	155.33	143.297	23.5691	248.185	79.3615	138.411	127.301	
237.232	90.312	116.754	159.144	147.215	22.7175	252.289	78.9226	142.723	128.488	
241.211	89.6114	115.366	162.959	151.133	21.8659	256.393	78.4837	147.035	129.676	
245.189	88.9109	113.979	166.774	155.051	21.0142	260.497	78.0448	149.191	130.27	
249.167	88.2104	112.592	170.589	158.969	20.1626	264.602	77.6059	144.861	131.595	
253.145	87.5099	111.204	174.404	162.887	19.311	268.706	77.167	140.53	132.92	
257.124	86.8093	109.817	178.219	166.804	18.4593	272.81	76.7281	136.2	134.245	
261.102	86.1088	108.43	182.033	170.722	17.6077	273.003	80.9341	134.035	134.908	
265.08	85.4083	107.042	185.848	174.64	16.7561	273.196	85.1401	131.035	137.564	
269.058	84.7078	105.655	189.663	178.558	15.9044	273.389	89.346	128.034	140.219	
273.037	84.0072	109.727	188.805	182.476	15.0528	273.582	93.552	125.034	142.875	
277.015	83.3067	113.8	187.948	186.394	14.2011	273.775	97.758	122.034	145.53	
275.366	79.6016	117.872	187.09	190.312	13.3495	273.968	101.964	119.034	148.186	
273.718	75.8964	121.944	186.232	194.23	12.4979	274.793	105.992	116.033	150.842	
272.069	72.1913	126.016	185.374	198.148	11.6462	275.618	110.019	113.033	153.497	
270.421	68.4862	130.089	184.517	202.066	10.7946	276.443	114.047	110.033	156.153	
268.772	64.781	134.161	183.659	205.984	9.94297	277.268	118.075	107.032	158.809	
267.123	61.0759	138.233	182.801	209.902	9.09134	278.093	122.103	104.032	161.464	
265.475	57.3707	142.305	181.943	213.82	8.2397	278.918	126.13	101.032	164.12	
263.826	53.6656	146.378	181.086	217.738	7.38807	279.742	130.158	98.0315	166.775	
266.297	50.4272	150.45	180.228	221.656	6.53643	280.567	134.186	95.0312	169.431	
268.768	47.1889	154.565	180.687	225.573	5.6848	281.392	138.214	93.7033	165.44	
271.24	43.9505	158.68	181.146	229.491	4.83316	282.217	142.242	92.3754	161.45	
273.711	40.7122	162.795	181.605	233.409	3.98153	283.042	146.269	91.0474	157.459	
276.182	37.4738	166.91	182.064	237.327	3.12989	283.867	150.297	89.7195	153.469	
278.653	34.2354	171.025	182.522	241.245	2.27826	282.273	154.232	88.3916	149.478	
281.124	30.9971	175.14	182.981	245.163	1.42662	280.679	158.167	87.0637	145.487	
282.36	29.3779	179.255	183.44	249.081	0.574986	279.084	162.102	85.7358	141.497	
278.685	31.7651	183.37	183.899	251.04	0.149169	277.49	166.037	84.4079	137.506	
275.01	34.1523	187.485	184.358	253.082	3.60149	275.896	169.972	83.7439	135.511	
270.642	35.1914	191.6	184.817	255.123	7.05382	273.234	166.911	80.6389	138.905	
266.275	36.2304	195.715	185.276	257.165	10.5061	270.572	163.85	77.5338	142.298	
261.907	37.2695	199.83	185.735	258.186	12.2323	267.91	160.789	74.4288	145.692	
259.723	37.789	203.945	186.194	254.132	13.0391	265.248	157.727	70.3936	146.212	
256.454	40.1481	206.002	186.423	250.079	13.8459	262.587	154.666	66.3584	146.732	
253.184	42.5072	205.759	182.244	246.025	14.6527	259.925	151.605	62.3233	147.252	
249.915	44.8663	205.517	178.064	241.972	15.4595	257.263	148.544	58.2881	147.772	
246.645	47.2254	205.274	173.885	239.945	15.8629	254.601	145.483	54.2529	148.292	
243.376	49.5845	205.153	171.795	236.723	18.2524	251.939	142.422	50.2177	148.812	
240.107	51.9436	201.85	169.42	233.502	20.6419	249.277	139.36	46.1825	149.332	
236.837	54.3027	198.548	167.045	230.28	23.0313	246.615	136.299	42.1474	149.852	
233.568	56.6618	195.245	164.67	227.059	25.4208	243.953	133.238	38.1122	150.371	
231.933	57.8413	191.942	162.295	223.837	27.8103	241.292	130.177	34.077	150.891	
227.954	58.7552	188.64	159.92	220.615	30.1998	238.63	127.116	30.0418	151.411	
223.974	59.6691	185.337	157.545	217.394	32.5893	235.968	124.055	26.0066	151.931	
219.995	60.583	182.035	155.17	214.172	34.9787	233.306	120.994	21.9715	152.451	
216.015	61.4969	178.732	152.795	210.951	37.3682	231.975	119.463	17.9363	152.971	
212.036	62.4108	175.429	150.42	207.729	39.7577	228.377	117.648	13.9011	153.491	
210.046	62.8677	172.127	148.045	204.507	42.1472	224.778	115.833	9.86591	154.011	
206.405	64.5502	168.824	145.67	201.286	44.5367	221.18	114.018	5.83073	154.531	
202.764	66.2328	165.521	143.295	199.675	45.7314	217.582	112.203	1.79555	155.051	
199.123	67.9153	163.87	142.108	197.845	49.3736	213.983	110.389	5.14794	152.395	
195.481	69.5979	162.068	138.536	196.015	53.0157	210.385	108.574	8.50033	149.738	
191.84	71.2804	160.266	134.964	194.185	56.6579	206.787	106.759	11.8527	147.082	
188.199	72.963	158.464	131.392	192.355	60.3001	203.188	104.944	15.2051	144.426	
184.558	74.6455	156.663	127.819	190.524	63.9423	199.59	103.129	18.5575	141.769	
180.917	76.3281	154.861	124.247	188.694	67.5845	195.992	101.314	20.2337	140.441	
177.276	78.0106	153.059	120.675	186.864	71.2266	192.393	99.4993	21.269	136.503	
173.635	79.6932	151.257	117.103	185.034	74.8688	188.795	97.6844	22.3042	132.565	
169.994	81.3757	149.455	113.531	183.449	79.2191	185.196	95.8695	23.3395	128.628	
166.352	83.0583	147.653	109.959	181.864	83.5694	181.598	94.0546	24.3748	124.69	
162.711	84.7408	145.851	106.387	180.279	87.9197	178	92.2397	25.4101	120.752	
159.07	86.4234	144.05	102.814	176.634	86.1939	174.401	90.4248	25.9277	118.783	
155.429	88.1059	142.248	99.2422	172.988	84.4681	170.803	88.6099	27.7049	115.167	
151.788	89.7885	140.446	95.6701	169.343	82.7423	167.205	86.7951	29.4821	111.551	
148.147	91.471	139.545	93.884	165.698	81.0164	163.606	84.9802	31.2593	107.935	
144.506	93.1536	135.77	92.53	162.052	79.2906	160.008	83.1653	33.0366	104.32	
140.865	94.8361	131.995	91.1761	158.407	77.5648	156.41	81.3504	34.8138	100.704	
139.044	95.6774	128.22	89.8221	154.762	75.839	152.811	79.5355	36.591	97.0878	
136.339	92.702	124.445	88.4682	151.116	74.1132	149.213	77.7206	38.3682	93.472	
133.634	89.7267	120.67	87.1142	147.471	72.3874	145.615	75.9058	40.1454	89.8561	
130.929	86.7513	116.895	85.7603	143.826	70.6616	142.016	74.0909	41.9226	86.2403	
128.224	83.776	113.12	84.4063	140.18	68.9358	138.418	72.276	43.6999	82.6244	
125.519	80.8006	110.118	81.652	136.535	67.2099	134.82	70.4611	45.4771	79.0086	
122.814	77.8252	107.116	78.8978	132.89	65.4841	131.221	68.6462	47.2543	75.3927	
120.109	74.8499	104.114	76.1435	129.244	63.7583	127.623	66.8313	49.0315	71.7768	
117.403	71.8745	101.112	73.3892	125.599	62.0325	124.025	65.0164	50.8087	68.161	
114.698	68.8991	98.1101	70.635	121.954	60.3067	120.426	63.2016	52.5859	64.5451	
111.993	65.9238	95.1081	67.8807	118.308	58.5809	116.828	61.3867	54.3632	60.9293	
109.288	62.9484	92.1061	65.1265	114.663	56.8551	113.23	59.5718	56.1404	57.3134	
106.583	59.9731	89.1042	62.3722	111.017	55.1293	109.631	57.7569	57.9176	53.6975	
103.878	56.9977	86.1022	59.6179	107.372	53.4034	106.033	55.942	59.6948	50.0817	
101.173	54.0223	83.1002	56.8637	103.727	51.6776	102.434	54.1271	61.472	46.4658	
98.4679	51.047	80.0982	54.1094	100.081	49.9518	98.8361	52.3122	63.2492	42.85	
95.7629	48.0716	77.0962	51.3551	96.4361	48.226	95.2378	50.4974	65.0264	39.2341	
93.0578	45.0962	74.0943	48.6009	92.7908	46.5002	91.6394	48.6825	66.8037	35.6182	
90.3527	42.1209	71.0923	45.8466	89.1454	44.7744	88.0411	46.8676	68.5809	32.0024	
87.6476	39.1455	68.0903	43.0924	85.5001	43.0486	84.4427	45.0527	70.3581	28.3865	
84.9426	36.1702	65.0883	40.3381	81.8547	41.3228	80.8444	43.2378	71.2467	26.5786	
82.2375	33.1948	62.0863	37.5838	78.2094	39.5969	77.246	41.4229	67.3079	25.5191	
78.3957	31.7813	59.0844	34.8296	74.5641	37.8711	73.6477	39.608	63.3691	24.4596	
74.5538	30.3678	56.0824	32.0753	70.9187	36.1453	70.0493	37.7932	59.4303	23.4001	
70.712	28.9543	53.0804	29.321	67.2734	34.4195	66.451	35.9783	55.4914	22.3406	
66.8702	27.5407	50.0784	26.5668	63.628	32.6937	62.8526	34.1634	51.5526	21.2811	
63.0283	26.1272	47.0764	23.8125	59.9827	30.9679	59.2543	32.3485	47.6138	20.2216	
59.1865	24.7137	44.0745	21.0583	56.3373	29.2421	55.6559	30.5336	45.6444	19.6919	
55.3447	23.3002	41.0725	18.304	52.692	27.5163	52.0576	28.7187	42.7385	16.8542	
51.5028	21.8867	38.0705	15.5497	49.0467	25.7904	48.4592	26.9038	39.8325	14.0165	
47.661	20.4732	36.5695	14.1726	45.4013	24.0646	44.8609	25.089	36.9266	11.1788	
43.8191	19.0597	34.8189	10.5459	41.756	22.3388	41.2625	23.2741	34.0207	8.34105	
39.9773	17.6462	33.0682	6.91929	38.1106	20.613	37.6642	21.4592	31.1148	5.50334	
36.1355	16.2326	31.3176	3.29264	34.4653	18.8872	34.0658	19.6443	29.6618	4.08448	
32.2936	14.8191	27.0349	3.43497	30.82	17.1614	30.4675	17.8294	25.6338	4.10499	
28.4518	13.4056	22.7521	3.5773	27.1746	15.4356	26.8691	16.0145	21.6058	4.1255	
24.61	11.9921	18.4694	3.71963	23.5293	13.7098	23.2708	14.1996	17.5778	4.146	
20.7681	10.5786	14.1867	3.86196	19.8839	11.9839	19.6724	12.3848	13.5498	4.16651	
16.9263	9.16508	9.90397	4.00429	16.2386	10.2581	16.0741	10.5699	9.52186	4.18702	
13.0845	7.75156	5.62124	4.14662	12.5932	8.53231	12.4758	8.75499	5.49387	4.20753	
9.24263	6.33805	0	0	8.94789	6.8065	8.8774	6.94011	0	0	
5.4008	4.92454	0	0	5.30255	5.08069	5.27905	5.12522	0	0	
